fci: [-14.663901437461295, -14.563635284765562]
hf: -14.572955870421685
k_exp: 2.1
l_max: 2
m_max: 2
mp2: -14.643258447769606
n_bas: 77
n_max: 10
took: 273351.7976129055
